2 67479 1831 0 71802 7817 0.03 0 0.11 0 66.66 0 0 0 0 0 0
2 82185 2309 0 87536 9671 0.03 0 0.11 92.7022 99.99 33.33 80.2222 0 0 33.33 0
2 1918 18 0 1918 19 0.01 0 0.01 79.3917 99.99 33.33 70.0912 33.33 33.33 33.33 33.33
2 4976 232 0 5450 656 0.05 0 0.12 30.8949 99.99 29.4173 28.7914 66.8575 33.33 66.9673 67.1104
2 13894 402 0 15307 1701 0.03 0 0.11 99.99 96.9915 92.1568 94.63 83.0141 0 83.6876 87.8334
2 1201 37 0 1370 211 0.03 0 0.15 78.8496 99.99 33.33 78.766 29.3463 29.3463 79.7764 92.4194
2 4417 73 0 5042 853 0.02 0 0.17 86.2264 88.5496 81.5301 99.99 0 30.5999 74.4379 33.33
2 9649 109 0 11018 1927 0.01 0 0.17 98.0566 99.99 98.136 97.2091 96.0549 91.6074 97.8208 94.7928
2 9649 109 0 11018 1927 0.01 0 0.17 99.0622 98.924 99.99 99.5553 0 0 99.2717 98.3829
2 9649 109 0 11018 1927 0.01 0 0.17 98.6312 96.221 98.1034 99.66 0 86.9522 99.99 99.66
2 14975 52 0 15274 51 0 0 0 75.7465 83.2733 72.5409 73.8098 99.99 0 75.7477 76.6647
2 47935 100 0 49152 89 0 0 0 91.4764 96.2598 92.6792 91.4763 0 0 99.99 99.0057
2 71351 110 0 72795 111 0 0 0 88.2588 91.7004 88.2502 87.4279 0 0 99.99 91.6634
2 9429 384 0 10367 1197 0.04 0 0.12 93.0145 82.9846 99.99 84.7741 81.2784 0 80.0719 83.108
2 12676 379 0 13840 1435 0.03 0 0.1 99.99 99.6738 94.6238 88.0729 0 0 83.7596 83.7112
2 43180 10 0 46937 4856 0 0 0.1 99.99 94.2815 95.0662 92.9732 90.6961 85.2801 86.2659 83.5788
2 12628 10 0 13761 1416 0 0 0.1 33.33 99.99 24.1111 20.9856 33.33 14.5285 15.5236 28.3305
2 16773 10 0 18206 1886 0 0 0.1 99.99 92.6116 99.99 96.7455 84.6476 85.2374 97.566 82.1836
2 20017 10 0 21774 2246 0 0 0.1 99.99 99.99 96.4189 94.0695 89.8058 81.1261 97.9852 94.0695
2 26085 10 0 28418 2926 0 0 0.1 90.6227 90.4671 85.7553 86.8045 81.5637 80.0407 99.99 80.0407
2 35109 2381 0 35979 898 0.07 0 0.02 72.72 69.1791 78.0624 74.0039 67.36 67.3429 97.6093 99.99
2 41032 2381 0 41895 889 0.06 0 0.02 73.326 69.0462 99.99 92.4907 33.33 33.33 66.8131 33.33
1 11534 144 0 11392 128 0.01 0 0.01 100 0 0 0 0 0 0 0
2 43522 2785 0 50499 1383 0.06 0 0.03 76.4178 75.649 95.1828 99.99 33.33 33.33 67.0322 33.33
2 69519 2971 0 78363 1545 0.04 0 0.02 80.218 79.4383 99.99 90.3263 6.8175 5.76865 67.4672 3.57107
2 10578 247 0 11778 112 0.02 0 0.01 91.6187 67.6585 99.99 67.8412 14.0337 18.6028 66.8648 33.33
2 10402 247 0 11602 112 0.02 0 0.01 72.5273 75.2265 78.0247 99.99 33.33 9.52286 68.7398 70.9618
2 10434 247 0 11634 112 0.02 0 0.01 77.3756 95.9315 85.1515 99.99 33.33 9.66087 78.5688 68.1819
2 13894 402 0 15307 1701 0.03 0 0.11 99.99 96.6183 93.3362 93.4503 0 0 85.3424 84.2267
2 13894 402 0 15307 1701 0.03 0 0.11 99.99 94.8277 96.2542 91.023 0 0 85.6172 84.1496
2 13894 402 0 15307 1701 0.03 0 0.11 99.99 93.4503 94.0531 92.0828 0 0 86.1569 86.9512
2 13894 402 0 15307 1701 0.03 0 0.11 99.2296 99.99 92.6327 93.2289 0 0 83.4887 85.1447
1 28943 400 0 28543 7140 0.01 0 0.25 0 4.44851 2.3531 1.79742 0 0 2.62366 100
2 9207 90 0 9421 901 0.01 0 0.1 72.292 99.99 75.2775 68.3849 67.7728 77.0379 69.9538 71.5775
2 1779 191 0 1802 21 0.11 0 0.01 99.99 99.99 99.99 99.99 99.99 99.99 99.99 99.99
2 10578 247 0 11778 112 0.02 0 0.01 91.7604 67.8483 99.99 68.1354 19.2752 17.2026 66.7322 33.33
2 10402 247 0 11602 112 0.02 0 0.01 73.7128 77.0442 79.1086 99.99 33.33 33.33 75.0262 82.9313
2 10434 247 0 11634 112 0.02 0 0.01 77.4009 97.8466 84.5549 99.99 33.33 18.5167 71.205 67.9206
2 14062 287 0 15738 128 0.02 0 0.01 98.5661 93.4036 80.0763 99.99 33.33 25.4876 68.2628 33.33
2 14006 287 0 15682 128 0.02 0 0.01 79.6446 81.6968 92.1859 99.99 33.33 21.0505 76.8011 73.412
2 783 171 0 902 443 0.22 0 0.49 99.7843 99.7887 99.771 99.9137 99.9765 99.99 99.8913 99.6647
2 403 91 0 457 223 0.23 0 0.49 99.99 99.99 99.99 99.99 99.99 99.99 99.99 99.99
2 342 78 0 386 188 0.23 0 0.49 99.99 99.99 99.99 99.99 99.99 99.99 99.99 99.99
1 1917 82 0 1964 143 0.04 0 0.07 10.2564 100 4.16667 4.70588 4.93827 0 6.55738 7.40741
1 2759 118 0 2817 198 0.04 0 0.07 43.1953 100 9.9455 35.9606 0 0 1.87084 5.11204
1 2906 124 0 2962 196 0.04 0 0.07 100 59.2834 11.5117 10.309 0 0 11.5417 6.45365
2 4132 337 0 4474 41 0.08 0 0.01 99.99 97.9069 94.435 80.1722 96.0688 84.5154 94.435 77.2972
2 540 120 0 617 302 0.22 0 0.49 99.7792 98.1971 99.8165 99.8352 99.9664 99.9712 99.9735 99.99
2 874 190 0 1009 496 0.22 0 0.49 99.9227 99.9227 99.99 99.9227 99.99 99.99 99.99 99.99
2 2312 627 0 2238 5 0.27 0 0 99.99 99.99 99.99 99.99 98.9645 97.5393 98.9645 98.9645
2 18555 1341 0 19260 61 0.07 0 0 99.99 68.9586 69.4375 66.9256 71.104 66.8923 66.9511 66.9413
3 1570 20 0 1589 61 0.01 0 0.04 33.33 32.0404 81.2705 99.99 33.33 33.33 33.33 81.2716
3 1570 20 0 1589 61 0.01 0 0.04 33.33 33.33 79.0018 99.99 33.33 33.33 74.4263 94.1716
3 1570 20 0 1589 61 0.01 0 0.04 33.33 32.1432 33.33 99.99 33.3047 33.3047 33.3047 87.4048
3 1570 20 0 1589 61 0.01 0 0.04 33.33 32.8329 33.33 91.7392 33.33 33.33 33.33 99.99
3 2400 25 0 2424 76 0.01 0 0.03 98.3557 99.99 99.99 99.99 99.99 99.99 99.99 99.99
2 3396 85 0 3646 324 0.03 0 0.09 99.99 87.3002 99.99 99.99 99.99 99.99 99.99 99.99
2 82185 2309 0 87536 9671 0.03 0 0.11 92.0814 99.99 33.33 84.5028 0 0 33.33 0
2 1396 327 0 1364 9 0.23 0 0.01 99.99 99.99 99.99 99.99 99.99 76.1829 99.99 69.993
2 3644 89 0 3892 325 0.02 0 0.08 99.99 99.99 99.99 99.99 98.312 98.312 96.0392 96.4468
2 3878 92 0 4130 337 0.02 0 0.08 99.99 99.99 98.4555 98.4555 99.99 99.99 98.5624 96.0709
2 3834 91 0 4084 334 0.02 0 0.08 99.99 98.529 98.4018 96.6976 99.99 97.1752 98.2036 0
2 3578 85 0 3816 325 0.02 0 0.09 99.99 96.5498 99.99 99.99 99.99 99.99 99.8772 94.3344
2 1918 18 0 1918 19 0.01 0 0.01 79.2498 99.99 33.33 69.4362 33.33 33.33 33.33 68.0884
2 1779 191 0 1802 21 0.11 0 0.01 99.99 99.99 99.99 99.99 99.99 99.99 99.99 99.99
2 403 91 0 457 223 0.23 0 0.49 99.99 99.99 99.99 99.99 99.99 99.99 99.99 99.99
2 342 78 0 386 188 0.23 0 0.49 99.99 99.99 99.99 99.99 99.99 99.99 99.99 99.99
2 4132 337 0 4474 41 0.08 0 0.01 99.99 99.99 94.435 84.5154 96.0688 89.385 96.0688 88.397
2 540 120 0 617 302 0.22 0 0.49 99.7863 99.957 99.8539 98.9978 99.9806 99.9641 99.99 99.9782
2 874 190 0 1009 496 0.22 0 0.49 99.9227 99.99 99.99 99.9451 99.99 99.99 99.99 99.99
2 2312 627 0 2238 5 0.27 0 0 99.99 99.99 99.99 99.99 98.9645 97.5393 98.9645 98.9645
2 18555 1341 0 19260 61 0.07 0 0 99.99 77.77 67.0544 66.9006 70.1684 66.8939 66.9343 66.8793
2 1396 327 0 1364 9 0.23 0 0.01 99.99 99.99 99.99 99.99 99.99 99.99 83.325 67.771
3 1099 32 0 1187 127 0.03 0 0.11 99.99 99.99 99.99 97.8664 99.99 99.99 99.99 99.99
3 1037 32 0 1134 121 0.03 0 0.11 99.99 99.99 99.99 99.4027 99.99 99.99 99.99 99.99
3 1915 50 0 2096 241 0.03 0 0.11 99.99 99.99 92.6425 93.4261 99.99 99.99 99.99 99.99
3 1429 44 0 1579 167 0.03 0 0.11 99.99 99.99 99.4137 99.99 99.99 99.99 99.99 99.99
3 1268 42 0 1396 155 0.03 0 0.11 99.99 99.99 97.0543 90.8014 99.99 99.99 99.99 99.99
3 19277 120 0 19182 50 0.01 0 0 99.99 89.8464 98.9235 90.7696 99.8659 79.5853 99.4588 73.9423
3 4541 45 0 4512 32 0.01 0 0.01 99.99 99.99 99.99 99.99 99.99 99.99 99.99 93.2479
3 979 24 0 962 13 0.02 0 0.01 33.33 99.99 33.33 33.33 33.33 33.2958 33.2958 33.33
3 4844 60 0 4797 26 0.01 0 0.01 99.9881 99.99 99.9826 99.9677 99.9881 99.9751 99.9881 99.9789
3 26010 140 0 25899 58 0.01 0 0 99.99 87.983 98.9415 88.3272 95.4343 72.3262 98.3629 68.9848
2 4737 107 0 5179 190 0.02 0 0.04 0 0 66.66 66.66 0 0 66.66 66.66
2 2819 59 0 3079 123 0.02 0 0.04 96.7765 97.1209 93.5698 99.99 94.5765 0 99.7797 97.4996
2 2883 61 0 3145 125 0.02 0 0.04 99.0722 98.4018 98.3631 98.0588 0 0 99.99 98.6816
2 1027 745 0 934 156 0.73 0 0.17 79.3195 99.99 74.612 78.6776 33.33 33.33 33.33 33.33
2 1918 18 0 1918 19 0.01 0 0.01 78.6367 99.99 33.33 69.2413 33.33 33.33 33.33 33.33
3 151053 50 0 151074 243 0 0 0 96.1352 97.7338 99.99 99.3002 27.9922 26.4605 25.7747 26.5977
2 9649 109 0 11018 1927 0.01 0 0.17 98.063 98.1304 99.99 95.7 0 0 97.149 95.7576
2 9649 109 0 11018 1927 0.01 0 0.17 98.6312 98.6312 99.99 98.4029 0 0 99.99 99.99
2 14975 52 0 15274 51 0 0 0 75.7465 83.2733 72.5409 73.8098 99.99 0 75.7477 76.6647
2 47935 100 0 49152 89 0 0 0 87.6009 91.6373 88.6159 87.6008 0 0 99.99 91.6779
2 71351 110 0 72795 111 0 0 0 94.7699 99.249 94.7587 93.6885 0 0 99.99 99.975
2 9429 384 0 10367 1197 0.04 0 0.12 90.1211 82.6376 99.99 86.1912 0 0 79.0404 80.583
2 12676 379 0 13840 1435 0.03 0 0.1 85.8478 85.0876 99.99 78.5429 0 0 76.923 77.6135
2 2115 601 0 1648 135 0.28 0 0.08 82.719 99.99 80.407 87.5652 66.9842 67.4974 66.7828 67.8176
2 5595 1561 0 4291 258 0.28 0 0.06 99.9818 99.9818 99.99 99.99 99.99 99.9735 99.9818 99.9735
2 1168 326 0 947 106 0.28 0 0.11 99.99 99.99 99.99 99.99 71.7877 77.77 74.9925 83.325
2 3877 1067 0 3009 200 0.28 0 0.07 99.99 99.99 99.99 99.99 99.99 99.99 99.99 99.99
2 6103 34 0 6622 502 0.01 0 0.08 77.2982 99.99 70.9888 71.532 33.33 33.33 68.0886 68.4481
2 25967 64 0 28135 2146 0 0 0.08 99.99 99.6316 98.0868 95.2794 97.9951 95.5879 98.9375 97.5442
2 23969 64 0 27284 3293 0 0 0.12 99.99 99.99 99.5344 98.957 99.569 99.0239 99.6732 99.7081
2 25823 64 0 28188 2305 0 0 0.08 99.99 99.6252 99.5353 99.2684 99.6704 98.4091 99.8523 99.3569
2 29043 64 0 30860 1795 0 0 0.06 99.99 99.7075 98.172 96.657 98.4936 96.091 98.4936 95.816
2 258880 148 0 314633 14621 0 0 0.05 0 0 66.66 66.66 0 0 66.66 66.66
2 1879 74 0 2158 337 0.04 0 0.16 0 66.66 66.66 0 0 0 66.66 66.66
2 1848 72 0 2119 327 0.04 0 0.15 88.1028 99.99 79.6217 73.9748 0 15.15 67.4693 76.9305
2 4606 117 0 5336 783 0.03 0 0.15 99.99 90.4671 99.99 94.435 0 0 96.96 96.96
2 1879 74 0 2158 337 0.04 0 0.16 0 0 66.66 0 0 0 0 66.66
3 67278 59 0 68955 13151 0 0 0.19 99.99 98.5642 0 99.651 0 96.9886 99.99 99.6153
3 5974 19 0 6133 1374 0 0 0.22 99.99 99.99 99.99 99.99 99.9528 96.2654 99.99 99.99
2 117717 398 0 117626 308 0 0 0 99.99 99.99 99.99 72.215 0 99.99 99.99 99.99
2 237393 742 0 237281 566 0 0 0 99.99 99.99 99.99 79.992 0 0 0 99.99
2 237393 742 0 237281 566 0 0 0 99.99 99.99 99.99 70.8263 0 0 0 0
2 56451 216 0 56416 182 0 0 0 99.99 99.99 99.99 80.9443 99.99 99.99 99.99 91.6575
2 528567 1185 0 528301 920 0 0 0 79.992 99.99 0 69.993 0 0 0 0
2 4754 223 0 5176 580 0.05 0 0.11 99.99 98.8307 99.99 98.8307 0 0 85.6325 99.99
1 4882 702 0 4928 110 0.14 0 0.02 100 0 84.6389 0 0 0 0 0
1 5894 973 0 5929 98 0.17 0 0.02 100 0 5.25905 5.1697 0 0 0 0
1 6730 936 0 6774 116 0.14 0 0.02 100 0 0 0 0 0 0 0
1 7515 1065 0 7560 120 0.14 0 0.02 0 100 0 0 0 0 0 0
2 14062 287 0 15738 128 0.02 0 0.01 99.7406 93.5401 79.7486 99.99 33.33 20.6329 33.33 33.33
2 14006 287 0 15682 128 0.02 0 0.01 77.7933 82.1103 92.895 99.99 33.33 21.0505 71.5353 92.5111
1 1917 82 0 1964 143 0.04 0 0.07 8 100 2.7972 4.12371 3.63636 0 4.21053 5.33333
1 1844 80 0 1895 147 0.04 0 0.08 100 50 6.25 12.5 0.21645 0 12.5 12.5
1 2759 118 0 2817 198 0.04 0 0.07 47.3684 100 11.3089 36.3636 0 0 6.47094 2.07852
1 2906 124 0 2962 196 0.04 0 0.07 100 56.671 11.1553 10.4941 0 0 22.2154 0
3 1570 20 0 1589 61 0.01 0 0.04 33.33 33.33 33.33 99.99 33.33 33.33 33.33 93.1336
3 1570 20 0 1589 61 0.01 0 0.04 33.33 33.33 85.4371 99.99 33.33 33.33 76.4098 90.0401
3 1570 20 0 1589 61 0.01 0 0.04 33.33 32.3453 33.33 99.99 33.3047 33.3047 33.33 97.2943
3 1570 20 0 1589 61 0.01 0 0.04 32.8329 32.3583 33.33 96.6191 32.3583 33.33 33.33 99.99
3 2400 25 0 2424 76 0.01 0 0.03 98.3557 97.2969 99.99 99.99 99.99 99.99 99.99 99.99
3 151053 50 0 151074 243 0 0 0 96.8488 97.167 99.99 95.5863 27.8779 29.2152 25.729 25.889
3 464935 192 0 505188 1263 0 0 0 0 0 99.0604 99.99 0 0 68.9502 68.9502
3 235556 97 0 256239 753 0 0 0 0 81.5685 99.99 86.9665 0 0 69.6303 69.5732
2 301 24 0 567 1 0.08 0 0 99.99 99.99 99.99 99.99 99.99 99.99 99.99 99.99
2 656 57 0 1338 1 0.09 0 0 99.99 99.99 99.99 99.6632 99.99 95.9324 99.0286 99.6632
2 592 91 0 2354 1 0.15 0 0 99.99 99.5884 99.1964 99.99 99.99 98.4398 99.5884 99.5884
2 19518 551 0 33994 1 0.03 0 0 99.0115 77.5169 99.99 74.8379 72.888 73.2959 81.7685 74.9029
2 19350 531 0 37218 1 0.03 0 0 97.9207 83.8325 99.99 83.444 88.8975 78.3601 88.8276 76.7376
2 45618 111 0 45750 779 0 0 0.02 79.6489 80.9059 85.861 85.861 83.325 80.0425 99.99 95.1518
2 1657 84 0 1880 45 0.05 0 0.02 99.99 99.99 99.99 99.99 99.99 99.99 99.99 99.99
2 364 28 0 408 22 0.08 0 0.05 82.8621 97.768 79.5501 99.99 67.6622 72.0858 75.3982 82.214
2 1657 84 0 1880 45 0.05 0 0.02 99.99 99.99 99.99 99.99 99.99 99.99 99.99 99.99
2 1657 84 0 1880 45 0.05 0 0.02 99.99 98.9484 99.99 98.9484 99.99 98.9484 98.9484 98.9484
2 1751 120 0 1917 43 0.07 0 0.02 99.99 99.4251 99.99 99.99 99.99 99.99 99.99 98.879
2 8110 81 0 8141 753 0.01 0 0.09 99.99 99.99 99.99 99.99 0 0 0 0
2 6959 81 0 6981 636 0.01 0 0.09 99.99 99.99 0 99.99 0 0 0 0
2 5467 78 0 5458 483 0.01 0 0.09 99.2016 99.99 79.0426 82.0667 33.33 0 0 0
3 1472 46 0 1471 294 0.03 0 0.2 99.99 99.99 95.5923 93.5092 99.5271 99.99 98.1383 92.1204
3 3432 106 0 3431 694 0.03 0 0.2 99.0047 93.6067 96.5628 95.149 99.99 88.423 96.9055 92.7499
3 3037 94 0 3036 612 0.03 0 0.2 99.99 96.2867 92.5833 92.5833 99.99 92.5833 92.5833 92.5833
3 302 10 0 301 54 0.03 0 0.18 99.99 93.7746 77.2676 75.3969 81.1677 81.8406 78.0201 75.3672
3 1864 58 0 1863 374 0.03 0 0.2 99.99 95.9904 95.9904 95.9904 95.9904 91.9908 97.3236 93.324
3 78228 96 0 79139 817 0 0 0.01 95.2201 99.99 75.8918 75.8918 99.99 99.99 99.99 99.1453
3 174057 128 0 175275 1089 0 0 0.01 90.8057 72.8543 75.9105 73.3299 99.99 97.4172 93.2304 94.0569
3 267261 128 0 268515 1089 0 0 0 69.771 70.1886 68.1174 68.0502 99.99 99.0147 97.2798 96.6492
3 45 39 0 7 7 0.87 0 1 74.0097 96.5181 75.399 99.99 69.3339 74.407 67.392 73.0582
3 91 60 0 32 32 0.66 0 1 74.5647 99.99 75.3652 92.5787 67.9422 76.6316 67.601 73.2409
3 151053 50 0 151074 243 0 0 0 99.1049 98.3614 99.99 95.8166 27.9007 27.455 25.2147 26.1405
2 45618 111 0 45750 779 0 0 0.02 82.8349 81.8309 90.5707 90.5707 89.3381 86.658 99.99 99.99
2 16773 10 0 18206 1886 0 0 0.1 99.99 99.99 99.99 96.7455 97.8495 81.3137 86.5411 83.0045
2 7951 85 0 9440 748 0.01 0 0.08 0 0 66.66 0 0 0 0 0
1 51053 50 0 151074 243 0 0 0 85.6388 99.99 97.6856 89.3417 27.8207 28.3236 25.409 24.4489
2 13894 402 0 15307 1701 0.03 0 0.11 99.99 95.0836 95.174 93.2607 0 0 87.0309 87.7601
2 2115 601 0 1648 135 0.28 0 0.08 82.3447 99.99 80.5253 87.0501 66.9764 67.2908 66.7773 68.0056
2 5595 1561 0 4291 258 0.28 0 0.06 99.9818 99.9818 99.99 99.99 99.9735 99.9735 99.9818 99.9653
2 1168 326 0 947 106 0.28 0 0.11 88.88 99.99 88.88 99.99 70.3633 74.9925 72.72 77.77
2 3877 1067 0 3009 200 0.28 0 0.07 99.99 99.99 99.99 99.99 99.99 99.99 99.99 99.9774
2 419696 200 0 473037 50668 0 0 0.11 99.99 99.99 99.99 99.99 0 0 99.99 99.99
3 464935 192 0 505188 1263 0 0 0 0 0 99.99 90.3165 0 0 0 68.7455
3 235556 97 0 256239 753 0 0 0 0 0 83.7093 99.99 0 0 68.7229 68.7027
3 1846 30 0 1818 66 0.02 0 0.04 99.9254 99.9254 98.7627 99.9254 99.9254 99.9254 99.9254 99.99
3 1846 30 0 1818 66 0.02 0 0.04 99.9586 99.9586 99.99 99.7703 99.4251 98.7032 99.3623 99.5192
2 108509 3251 0 111586 91 0.03 0 0 0 66.66 66.66 66.66 0 0 0 0
2 2197 1518 0 2011 258 0.69 0 0.13 69.7835 67.4612 75.8622 33.2232 67.5265 66.8772 66.8381 99.99
2 4194 3092 0 3814 468 0.74 0 0.12 93.6086 99.99 93.6086 78.9263 92.5392 91.4883 99.99 97.3257
2 4434 3564 0 3822 476 0.8 0 0.12 88.4289 73.9571 89.1228 76.4513 99.99 80.462 97.8017 87.5619
3 45 39 0 7 7 0.87 0 1 72.0479 99.99 74.5347 95.3238 69.0095 73.6172 67.389 73.1158
3 91 60 0 32 32 0.66 0 1 74.5092 99.99 75.7747 94.963 67.9148 76.9556 67.6107 72.4603
3 108 105 0 4 4 0.97 0 1 0 99.99 0 0 0 0 0 0
3 91 60 0 32 32 0.66 0 1 74.7273 93.827 74.5526 99.99 0 73.7537 0 82.1944
1 3052 114 0 3124 208 0.04 0 0.07 100 39.7665 3.20793 8.27497 0 0 3.42279 2.57826
3 56 55 0 496 1 0.98 0 0 99.99 99.99 99.99 99.99 99.99 99.99 99.99 99.99
2 89496 396 0 91129 774 0 0 0.01 79.2448 72.2477 99.99 79.2309 0 0 74.946 72.8542
3 154 153 0 3877 1 0.99 0 0 97.4262 96.5715 97.4262 95.7169 99.99 98.2808 99.1354 99.1354
2 153399 796 0 157471 1076 0.01 0 0.01 87.817 88.6854 99.3537 99.99 85.1342 0 92.1725 87.5264
3 277 276 0 12651 1 1 0 0 96.96 92.718 97.566 93.324 99.99 98.778 98.778 99.384
3 436 435 0 31466 1 1 0 0 95.4859 90.9819 95.9364 90.9819 99.99 97.738 98.6388 97.738
3 704 703 0 82252 1 1 0 0 94.3765 85.9563 93.6748 85.2546 99.99 98.2358 99.99 99.6392
2 20545 245 0 20878 356 0.01 0 0.02 87.5929 78.6579 88.4964 84.0049 99.99 89.4711 91.7318 96.1099
2 46788 316 0 47925 534 0.01 0 0.01 75.2666 72.8612 99.99 81.98 85.6187 73.2248 84.644 72.7153
2 51071 356 0 52158 576 0.01 0 0.01 84.6989 82.2993 84.7127 81.3559 79.6726 81.2922 99.99 79.7086
3 2075 25 0 2283 85 0.01 0 0.04 99.99 99.99 99.99 99.99 98.9319 99.461 99.99 99.99
3 1466 28 0 1612 95 0.02 0 0.06 99.5139 99.99 99.0377 99.5139 99.0377 99.5139 99.99 99.99
3 3006 56 0 3308 199 0.02 0 0.06 97.0424 94.5484 94.3216 92.0543 98.8563 98.1761 99.5365 99.99
3 3326 36 0 3651 125 0.01 0 0.03 99.2732 98.1981 97.8397 95.6894 98.5565 97.8397 99.99 99.2732
3 1914 36 0 2104 123 0.02 0 0.06 99.6237 99.2575 97.4262 97.4262 99.6237 97.7924 99.99 99.99
1 72229 194 0 78347 5309 0 0 0.07 0 100 0 0 0 0 0 0
1 72229 194 0 78373 5317 0 0 0.07 4.5816 1.80759 100 6.34172 22.8302 2.54148 12.8314 10
1 115380 254 0 125729 5909 0 0 0.05 22.5832 100 17.4312 44.1176 9.56697 5.85817 4.70375 92.8339
1 190409 314 0 206607 13849 0 0 0.07 85.1064 66.6667 3.39415 9.81595 67.7966 100 18.4332 20.9424
2 66136 20 0 78131 1 0 0 0 72.4441 72.4441 96.7165 98.121 0 74.2418 99.99 99.3428
2 5083 8 0 6077 1 0 0 0 33.33 33.33 33.33 87.0698 31.4783 33.33 77.1181 99.99
2 1201 37 0 1370 211 0.03 0 0.15 30.9493 92.8373 30.9493 99.99 29.3463 33.33 82.8752 33.33
2 4417 73 0 5042 853 0.02 0 0.17 81.5798 88.5048 80.6451 99.99 0 29.688 76.1332 79.0549
2 9649 109 0 11018 1927 0.01 0 0.17 99.99 94.9584 99.3308 99.534 0 84.6646 95.8652 97.2511
2 9649 109 0 11018 1927 0.01 0 0.17 99.0622 98.2504 99.99 98.924 0 0 96.9843 96.0993
2 9649 109 0 11018 1927 0.01 0 0.17 98.5547 97.7369 99.66 99.7419 0 0 99.99 98.7081
2 14975 52 0 15274 51 0 0 0 75.7465 83.2733 72.5409 73.8098 99.99 0 75.7477 76.6647
2 47935 100 0 49152 89 0 0 0 89.9199 94.4034 91.0473 89.9198 0 0 99.99 92.3158
2 71351 110 0 72795 111 0 0 0 93.4731 97.7455 93.4624 92.4416 0 0 99.99 93.9876
2 1879 74 0 2158 337 0.04 0 0.16 0 0 66.66 66.66 0 0 66.66 0
2 1848 72 0 2119 327 0.04 0 0.15 89.9785 99.99 79.8178 74.1455 0 0 33.33 71.3051
2 4606 117 0 5336 783 0.03 0 0.15 96.96 0 96.96 96.96 0 0 99.99 94.435
2 1879 74 0 2158 337 0.04 0 0.16 0 0 0 0 0 0 0 66.66
2 3329 1440 0 3745 1441 0.43 0 0.38 92.9394 90.6342 95.1294 93.4547 93.9906 91.506 99.99 96.3672
2 3649 1584 0 4113 1585 0.43 0 0.39 94.2434 92.4639 99.99 94.2434 99.99 98.0294 94.7274 98.6568
2 3969 1728 0 4481 1729 0.44 0 0.39 95.546 95.546 93.7406 96.5421 99.99 96.0356 94.1705 97.0663
2 4609 2016 0 5217 2017 0.44 0 0.39 99.99 0 98.9484 0 0 0 0 0
2 4929 2160 0 5585 2161 0.44 0 0.39 0 0 0 0 0 0 0 0
2 1729 720 0 1905 721 0.42 0 0.38 99.99 99.99 99.99 99.99 99.99 99.99 99.99 99.99
2 2049 864 0 2273 865 0.42 0 0.38 97.4262 93.324 97.4262 97.4262 99.99 99.99 99.99 99.99
2 2369 1008 0 2641 1009 0.43 0 0.38 99.99 88.3633 96.7645 97.768 99.99 95.8237 99.99 95.8237
2 2689 1152 0 3009 1153 0.43 0 0.38 96.2867 97.1331 96.2867 90.3613 99.99 99.99 99.99 96.2867
2 3009 1296 0 3377 1297 0.43 0 0.38 93.93 95.2286 93.93 88.88 99.0892 99.0892 99.99 99.99
2 2107 1344 0 2005 252 0.64 0 0.13 99.99 99.99 99.99 99.99 99.99 94.5963 99.99 99.99
3 67278 59 0 68955 13151 0 0 0.19 99.3861 98.8178 99.99 0 0 97.6118 99.8923 99.0824
2 9429 384 0 10367 1197 0.04 0 0.12 90.8388 83.4027 99.99 87.845 0 0 80.2697 80.0666
2 12676 379 0 13840 1435 0.03 0 0.1 91.9325 88.7253 99.99 82.4341 0 0 80.0879 79.6083
2 3455 177 0 3497 348 0.05 0 0.1 93.6107 83.7104 99.99 99.99 99.99 0 0 85.8515
2 1768 83 0 1774 143 0.05 0 0.08 99.99 78.4508 74.5572 86.2568 66.8167 71.192 67.0006 22.725
2 6985 297 0 7046 570 0.04 0 0.08 0 0 66.66 0 0 0 0 0
2 3373 123 0 3380 210 0.04 0 0.06 90.395 90.395 99.99 99.99 89.925 89.6969 89.4733 89.2539
2 5523 163 0 5534 283 0.03 0 0.05 90.2318 90.1425 99.99 99.99 99.99 89.3684 99.99 89.706
2 7299 301 0 7563 21 0.04 0 0 97.2125 99.99 97.2125 99.99 94.8623 0 99.99 92.8479
2 8779 361 0 9093 21 0.04 0 0 99.99 99.99 99.99 84.6069 86.9478 0 94.1082 89.991
2 6019 225 0 6242 36 0.04 0 0.01 99.99 99.99 99.99 99.99 95.8237 0 99.99 92.5833
2 463751 217 0 577723 1772 0 0 0 0 0 0 0 0 0 0 0
2 48742 68 0 60287 613 0 0 0.01 80.4354 99.99 0 0 0 0 0 0
2 36027 65 0 44494 504 0 0 0.01 89.5472 99.99 32.9567 0 0 0 0 32.227
2 117098 114 0 145393 943 0 0 0.01 0 0 0 0 0 0 0 0
3 289 50 0 322 113 0.17 0 0.35 93.2628 94.0158 70.8143 99.99 90.0448 89.4924 82.8595 68.2603
3 345 60 0 385 135 0.17 0 0.35 95.862 88.6878 87.7396 90.6828 99.99 84.1491 90.3255 79.3413
3 421 70 0 447 149 0.17 0 0.33 98.7228 99.6737 9.77946 6.18701 99.99 98.43 20.7564 12.1744
3 469 82 0 502 171 0.17 0 0.34 86.5913 99.99 14.443 15.7762 33.33 33.33 29.5526 28.6638
3 513 90 0 574 201 0.18 0 0.35 94.61 99.99 82.2286 74.6278 97.7972 97.3929 91.5698 95.7555
2 4754 223 0 5176 580 0.05 0 0.11 99.99 99.99 99.99 98.8307 0 0 99.99 99.99
2 5836 283 0 6161 341 0.05 0 0.06 99.99 0 0 93.5182 96.2471 0 93.5182 95.6274
2 5306 283 0 5511 305 0.05 0 0.06 98.456 96.2867 99.99 98.1268 98.456 96.0574 96.9963 93.5124
2 2426 188 0 2487 181 0.08 0 0.07 99.99 99.99 99.99 99.99 99.99 99.99 99.99 99.99
2 2891 188 0 3056 217 0.07 0 0.07 99.99 99.99 99.99 99.99 98.4443 98.4443 99.99 99.99
2 5884 283 0 6221 341 0.05 0 0.05 97.2819 0 99.4692 90.756 94.8181 0 99.99 95.1455
1 4882 702 0 4928 110 0.14 0 0.02 100 0 0 0 0 0 0 0
1 4385 598 0 4425 98 0.14 0 0.02 87.3418 100 2.46243 0 0 0 0 0
2 9024 560 0 9557 1569 0.06 0 0.16 96.629 95.7727 99.081 95.3051 97.5371 0 99.99 0
2 21231 1160 0 22352 3321 0.05 0 0.15 97.6378 98.0559 0 96.7952 0 0 99.99 0
2 2397 176 0 2558 465 0.07 0 0.18 99.1964 99.1964 99.99 99.1964 99.1964 99.99 99.1964 99.99
2 2397 176 0 2558 465 0.07 0 0.18 98.4029 98.4029 99.1771 99.1771 99.1771 99.99 98.4029 99.1771
2 116 8 0 110 1 0.07 0 0.01 70.8307 70.2356 74.4899 68.1926 99.99 69.3486 87.4615 76.1307
2 136 8 0 130 1 0.06 0 0.01 67.8653 67.255 67.3015 67.1554 99.99 67.2939 90.2921 67.4091
2 182 8 0 176 1 0.04 0 0.01 68.7805 68.7366 68.9956 68.7408 99.99 68.3552 99.7184 68.7341
2 202 12 0 192 1 0.06 0 0.01 73.3503 72.9921 75.5866 73.2076 99.99 73.9056 82.7679 74.4635
2 373 14 0 361 1 0.04 0 0 69.6385 67.6258 68.4006 67.7458 69.1967 68.0268 99.99 68.1274
2 20017 10 0 21774 2246 0 0 0.1 99.99 97.9852 94.0695 95.3928 82.0906 80.8793 97.9852 85.9482
2 26085 10 0 28418 2926 0 0 0.1 99.99 99.99 97.2125 99.5627 88.7842 84.2382 85.3929 86.4016
3 1099 32 0 1187 127 0.03 0 0.11 99.99 99.99 99.99 99.99 99.99 99.99 99.99 99.99
3 1037 32 0 1134 121 0.03 0 0.11 99.99 99.99 98.549 95.542 99.99 99.99 99.99 99.99
3 1915 50 0 2096 241 0.03 0 0.11 99.99 99.99 91.8151 91.8151 99.99 99.8514 99.99 99.99
3 151053 50 0 151074 243 0 0 0 88.2429 90.1033 99.99 97.8449 27.8436 27.5693 25.5461 26.472
2 127767 4470 0 153646 4472 0.03 0 0.03 94.4775 94.6113 93.3424 94.0824 0 99.99 97.4074 99.5971
2 163555 5706 0 196822 5708 0.03 0 0.03 95.955 96.2814 95.932 96.6321 0 99.99 98.703 99.1021
2 1411 30 0 1543 64 0.02 0 0.04 94.8993 94.8993 99.99 99.99 94.8993 94.8993 99.5102 99.0471
2 4737 107 0 5179 190 0.02 0 0.04 0 0 66.66 66.66 0 0 66.66 66.66
2 2819 59 0 3079 123 0.02 0 0.04 96.5104 96.5512 94.466 93.9597 0 0 99.99 98.5279
2 2883 61 0 3145 125 0.02 0 0.04 99.7446 0 98.6719 99.99 97.6436 0 98.4638 99.3458
2 8110 81 0 8141 753 0.01 0 0.09 99.99 99.99 0 95.2286 0 0 0 0
2 9014 81 0 9064 845 0.01 0 0.09 99.99 99.99 99.99 99.99 0 0 0 0
2 6959 81 0 6981 636 0.01 0 0.09 99.99 99.99 99.99 99.99 91.6575 0 0 0
2 5467 78 0 5458 483 0.01 0 0.09 99.99 98.4148 76.738 81.1981 33.33 33.33 0 0
2 5131 81 0 5109 438 0.02 0 0.09 79.9162 99.99 78.7886 77.6252 13.332 13.332 0 0
2 6302 96 0 6282 540 0.02 0 0.09 99.99 99.99 97.2125 99.99 97.2125 0 0 0
2 13894 402 0 15307 1701 0.03 0 0.11 99.99 96.5835 93.8583 92.3455 0 0 87.6513 84.7227