2 67479 1831 0 71802 7817 0.03 0 0.11 0 66.66 0 0 0 0 0 0
2 82185 2309 0 87536 9671 0.03 0 0.11 92.7022 99.99 33.33 80.2222 0 0 33.33 0
2 1918 18 0 1918 19 0.01 0 0.01 79.3917 99.99 33.33 70.0912 33.33 33.33 33.33 33.33
2 4976 232 0 5450 656 0.05 0 0.12 30.8949 99.99 29.4173 28.7914 66.8575 33.33 66.9673 67.1104
2 13894 402 0 15307 1701 0.03 0 0.11 99.99 96.9915 92.1568 94.63 83.0141 0 83.6876 87.8334
2 1201 37 0 1370 211 0.03 0 0.15 78.8496 99.99 33.33 78.766 29.3463 29.3463 79.7764 92.4194
2 4417 73 0 5042 853 0.02 0 0.17 86.2264 88.5496 81.5301 99.99 0 30.5999 74.4379 33.33
2 9649 109 0 11018 1927 0.01 0 0.17 98.0566 99.99 98.136 97.2091 96.0549 91.6074 97.8208 94.7928
2 9649 109 0 11018 1927 0.01 0 0.17 99.0622 98.924 99.99 99.5553 0 0 99.2717 98.3829
2 9649 109 0 11018 1927 0.01 0 0.17 98.6312 96.221 98.1034 99.66 0 86.9522 99.99 99.66
2 14975 52 0 15274 51 0 0 0 75.7465 83.2733 72.5409 73.8098 99.99 0 75.7477 76.6647
2 47935 100 0 49152 89 0 0 0 91.4764 96.2598 92.6792 91.4763 0 0 99.99 99.0057
2 71351 110 0 72795 111 0 0 0 88.2588 91.7004 88.2502 87.4279 0 0 99.99 91.6634
2 9429 384 0 10367 1197 0.04 0 0.12 93.0145 82.9846 99.99 84.7741 81.2784 0 80.0719 83.108
2 12676 379 0 13840 1435 0.03 0 0.1 99.99 99.6738 94.6238 88.0729 0 0 83.7596 83.7112
2 43180 10 0 46937 4856 0 0 0.1 99.99 94.2815 95.0662 92.9732 90.6961 85.2801 86.2659 83.5788
2 12628 10 0 13761 1416 0 0 0.1 33.33 99.99 24.1111 20.9856 33.33 14.5285 15.5236 28.3305
2 16773 10 0 18206 1886 0 0 0.1 99.99 92.6116 99.99 96.7455 84.6476 85.2374 97.566 82.1836
2 20017 10 0 21774 2246 0 0 0.1 99.99 99.99 96.4189 94.0695 89.8058 81.1261 97.9852 94.0695
2 26085 10 0 28418 2926 0 0 0.1 90.6227 90.4671 85.7553 86.8045 81.5637 80.0407 99.99 80.0407
2 35109 2381 0 35979 898 0.07 0 0.02 72.72 69.1791 78.0624 74.0039 67.36 67.3429 97.6093 99.99
2 41032 2381 0 41895 889 0.06 0 0.02 73.326 69.0462 99.99 92.4907 33.33 33.33 66.8131 33.33
1 11534 144 0 11392 128 0.01 0 0.01 100 0 0 0 0 0 0 0
2 43522 2785 0 50499 1383 0.06 0 0.03 76.4178 75.649 95.1828 99.99 33.33 33.33 67.0322 33.33
2 69519 2971 0 78363 1545 0.04 0 0.02 80.218 79.4383 99.99 90.3263 6.8175 5.76865 67.4672 3.57107
2 10578 247 0 11778 112 0.02 0 0.01 91.6187 67.6585 99.99 67.8412 14.0337 18.6028 66.8648 33.33
2 10402 247 0 11602 112 0.02 0 0.01 72.5273 75.2265 78.0247 99.99 33.33 9.52286 68.7398 70.9618
2 10434 247 0 11634 112 0.02 0 0.01 77.3756 95.9315 85.1515 99.99 33.33 9.66087 78.5688 68.1819
2 13894 402 0 15307 1701 0.03 0 0.11 99.99 96.6183 93.3362 93.4503 0 0 85.3424 84.2267
2 13894 402 0 15307 1701 0.03 0 0.11 99.99 94.8277 96.2542 91.023 0 0 85.6172 84.1496
2 13894 402 0 15307 1701 0.03 0 0.11 99.99 93.4503 94.0531 92.0828 0 0 86.1569 86.9512
2 13894 402 0 15307 1701 0.03 0 0.11 99.2296 99.99 92.6327 93.2289 0 0 83.4887 85.1447