2 117002 380 0 117931 7601 0 0 0.06 0 0 0 0 0 0 0 0
2 140250 420 0 141278 8821 0 0 0.06 0 0 0 0 0 0 0 0
2 159770 4174 0 170021 18396 0.03 0 0.11 0 0 0 0 0 0 0 0
2 67479 1831 0 71802 7817 0.03 0 0.11 0 66.66 0 0 0 0 0 0
2 104106 2715 0 110686 11917 0.03 0 0.11 0 0 0 0 0 0 0 0
2 82185 2309 0 87536 9671 0.03 0 0.11 92.7022 99.99 33.33 80.2222 0 0 33.33 0
2 1918 18 0 1918 19 0.01 0 0.01 79.3917 99.99 33.33 70.0912 33.33 33.33 33.33 33.33
2 224917 198 0 235698 199 0 0 0
2 4976 232 0 5450 656 0.05 0 0.12 30.8949 99.99 29.4173 28.7914 66.8575 33.33 66.9673 67.1104
2 13894 402 0 15307 1701 0.03 0 0.11 99.99 96.9915 92.1568 94.63 83.0141 0 83.6876 87.8334
2 1201 37 0 1370 211 0.03 0 0.15 78.8496 99.99 33.33 78.766 29.3463 29.3463 79.7764 92.4194
2 4417 73 0 5042 853 0.02 0 0.17 86.2264 88.5496 81.5301 99.99 0 30.5999 74.4379 33.33
2 9649 109 0 11018 1927 0.01 0 0.17 98.0566 99.99 98.136 97.2091 96.0549 91.6074 97.8208 94.7928
2 9649 109 0 11018 1927 0.01 0 0.17 99.0622 98.924 99.99 99.5553 0 0 99.2717 98.3829
2 9649 109 0 11018 1927 0.01 0 0.17 98.6312 96.221 98.1034 99.66 0 86.9522 99.99 99.66
2 14975 52 0 15274 51 0 0 0 75.7465 83.2733 72.5409 73.8098 99.99 0 75.7477 76.6647
2 47935 100 0 49152 89 0 0 0 91.4764 96.2598 92.6792 91.4763 0 0 99.99 99.0057
2 71351 110 0 72795 111 0 0 0 88.2588 91.7004 88.2502 87.4279 0 0 99.99 91.6634
2 4293 188 0 4334 196 0.04 0 0.05
2 11140 303 0 12415 695 0.03 0 0.06
2 9429 384 0 10367 1197 0.04 0 0.12 93.0145 82.9846 99.99 84.7741 81.2784 0 80.0719 83.108
2 12676 379 0 13840 1435 0.03 0 0.1 99.99 99.6738 94.6238 88.0729 0 0 83.7596 83.7112
2 43180 10 0 46937 4856 0 0 0.1 99.99 94.2815 95.0662 92.9732 90.6961 85.2801 86.2659 83.5788
2 12628 10 0 13761 1416 0 0 0.1 33.33 99.99 24.1111 20.9856 33.33 14.5285 15.5236 28.3305
2 16773 10 0 18206 1886 0 0 0.1 99.99 92.6116 99.99 96.7455 84.6476 85.2374 97.566 82.1836
2 20017 10 0 21774 2246 0 0 0.1 99.99 99.99 96.4189 94.0695 89.8058 81.1261 97.9852 94.0695
2 26085 10 0 28418 2926 0 0 0.1 90.6227 90.4671 85.7553 86.8045 81.5637 80.0407 99.99 80.0407
2 35109 2381 0 35979 898 0.07 0 0.02 72.72 69.1791 78.0624 74.0039 67.36 67.3429 97.6093 99.99
2 41032 2381 0 41895 889 0.06 0 0.02 73.326 69.0462 99.99 92.4907 33.33 33.33 66.8131 33.33
1 11534 144 0 11392 128 0.01 0 0.01 100 0 0 0 0 0 0 0
1 101071 441 0 100632 412 0 0 0 0 0 0 0 0 0 0 0
2 43522 2785 0 50499 1383 0.06 0 0.03 76.4178 75.649 95.1828 99.99 33.33 33.33 67.0322 33.33
2 69519 2971 0 78363 1545 0.04 0 0.02 80.218 79.4383 99.99 90.3263 6.8175 5.76865 67.4672 3.57107
2 10578 247 0 11778 112 0.02 0 0.01 91.6187 67.6585 99.99 67.8412 14.0337 18.6028 66.8648 33.33
2 10402 247 0 11602 112 0.02 0 0.01 72.5273 75.2265 78.0247 99.99 33.33 9.52286 68.7398 70.9618
2 10434 247 0 11634 112 0.02 0 0.01 77.3756 95.9315 85.1515 99.99 33.33 9.66087 78.5688 68.1819
2 13894 402 0 15307 1701 0.03 0 0.11 99.99 96.6183 93.3362 93.4503 0 0 85.3424 84.2267
2 13894 402 0 15307 1701 0.03 0 0.11 99.99 94.8277 96.2542 91.023 0 0 85.6172 84.1496
2 13894 402 0 15307 1701 0.03 0 0.11 99.99 93.4503 94.0531 92.0828 0 0 86.1569 86.9512
2 13894 402 0 15307 1701 0.03 0 0.11 99.2296 99.99 92.6327 93.2289 0 0 83.4887 85.1447
1 2934 64 0 2870 720 0.02 0 0.25 0 0 0 0 0 0 0 0
1 28943 400 0 28543 7140 0.01 0 0.25 0 4.44851 2.3531 1.79742 0 0 2.62366 100
1 3216 60 0 3156 792 0.02 0 0.25 0 0 0 0 0 0 0 0
1 3168 60 0 3108 780 0.02 0 0.25 0 0 0 0 0 0 0 0
1 3120 60 0 3060 768 0.02 0 0.25 0 0 0 0 0 0 0 0
2 9207 90 0 9421 901 0.01 0 0.1 72.292 99.99 75.2775 68.3849 67.7728 77.0379 69.9538 71.5775
2 1779 191 0 1802 21 0.11 0 0.01 99.99 99.99 99.99 99.99 99.99 99.99 99.99 99.99
2 10578 247 0 11778 112 0.02 0 0.01 91.7604 67.8483 99.99 68.1354 19.2752 17.2026 66.7322 33.33
2 10402 247 0 11602 112 0.02 0 0.01 73.7128 77.0442 79.1086 99.99 33.33 33.33 75.0262 82.9313
2 10434 247 0 11634 112 0.02 0 0.01 77.4009 97.8466 84.5549 99.99 33.33 18.5167 71.205 67.9206
2 14062 287 0 15738 128 0.02 0 0.01 98.5661 93.4036 80.0763 99.99 33.33 25.4876 68.2628 33.33
2 14006 287 0 15682 128 0.02 0 0.01 79.6446 81.6968 92.1859 99.99 33.33 21.0505 76.8011 73.412
2 51300 240 0 51883 3841 0 0 0.07 0 0 0 0 0 0 0 0
2 64136 272 0 64798 4625 0 0 0.07 0 0 0 0 0 0 0 0
2 128826 3428 0 137027 14906 0.03 0 0.11 0 0 0 0 0 0 0 0
2 783 171 0 902 443 0.22 0 0.49 99.7843 99.7887 99.771 99.9137 99.9765 99.99 99.8913 99.6647
2 403 91 0 457 223 0.23 0 0.49 99.99 99.99 99.99 99.99 99.99 99.99 99.99 99.99
2 342 78 0 386 188 0.23 0 0.49 99.99 99.99 99.99 99.99 99.99 99.99 99.99 99.99
2 117002 380 0 117931 7601 0 0 0.06 0 0 0 0 0 0 0 0
1 1917 82 0 1964 143 0.04 0 0.07 10.2564 100 4.16667 4.70588 4.93827 0 6.55738 7.40741
1 1844 80 0 1895 147 0.04 0 0.08
1 2759 118 0 2817 198 0.04 0 0.07 43.1953 100 9.9455 35.9606 0 0 1.87084 5.11204
1 2906 124 0 2962 196 0.04 0 0.07 100 59.2834 11.5117 10.309 0 0 11.5417 6.45365
2 4132 337 0 4474 41 0.08 0 0.01 99.99 97.9069 94.435 80.1722 96.0688 84.5154 94.435 77.2972
2 140250 420 0 141278 8821 0 0 0.06 0 0 0 0 0 0 0 0
2 540 120 0 617 302 0.22 0 0.49 99.7792 98.1971 99.8165 99.8352 99.9664 99.9712 99.9735 99.99
2 874 190 0 1009 496 0.22 0 0.49 99.9227 99.9227 99.99 99.9227 99.99 99.99 99.99 99.99
2 2312 627 0 2238 5 0.27 0 0 99.99 99.99 99.99 99.99 98.9645 97.5393 98.9645 98.9645
2 159770 4174 0 170021 18396 0.03 0 0.11 0 0 0 0 0 0 0 0
2 18555 1341 0 19260 61 0.07 0 0 99.99 68.9586 69.4375 66.9256 71.104 66.8923 66.9511 66.9413
2 67479 1831 0 71802 7817 0.03 0 0.11 0 0 0 0 0 0 0 0
3 1570 20 0 1589 61 0.01 0 0.04 33.33 32.0404 81.2705 99.99 33.33 33.33 33.33 81.2716
3 1570 20 0 1589 61 0.01 0 0.04 33.33 33.33 79.0018 99.99 33.33 33.33 74.4263 94.1716
3 1570 20 0 1589 61 0.01 0 0.04 33.33 32.1432 33.33 99.99 33.3047 33.3047 33.3047 87.4048
3 1570 20 0 1589 61 0.01 0 0.04 33.33 32.8329 33.33 91.7392 33.33 33.33 33.33 99.99
3 2400 25 0 2424 76 0.01 0 0.03 98.3557 99.99 99.99 99.99 99.99 99.99 99.99 99.99
2 3396 85 0 3646 324 0.03 0 0.09 99.99 87.3002 99.99 99.99 99.99 99.99 99.99 99.99
2 104106 2715 0 110686 11917 0.03 0 0.11 0 0 0 0 0 0 0 0
2 82185 2309 0 87536 9671 0.03 0 0.11 92.0814 99.99 33.33 84.5028 0 0 33.33 0
2 1396 327 0 1364 9 0.23 0 0.01 99.99 99.99 99.99 99.99 99.99 76.1829 99.99 69.993
2 3644 89 0 3892 325 0.02 0 0.08 99.99 99.99 99.99 99.99 98.312 98.312 96.0392 96.4468
2 3878 92 0 4130 337 0.02 0 0.08 99.99 99.99 98.4555 98.4555 99.99 99.99 98.5624 96.0709
2 3834 91 0 4084 334 0.02 0 0.08 99.99 98.529 98.4018 96.6976 99.99 97.1752 98.2036 0
2 3578 85 0 3816 325 0.02 0 0.09 99.99 96.5498 99.99 99.99 99.99 99.99 99.8772 94.3344
2 1918 18 0 1918 19 0.01 0 0.01 79.2498 99.99 33.33 69.4362 33.33 33.33 33.33 68.0884
2 1779 191 0 1802 21 0.11 0 0.01 99.99 99.99 99.99 99.99 99.99 99.99 99.99 99.99
2 403 91 0 457 223 0.23 0 0.49 99.99 99.99 99.99 99.99 99.99 99.99 99.99 99.99
2 342 78 0 386 188 0.23 0 0.49 99.99 99.99 99.99 99.99 99.99 99.99 99.99 99.99
2 4132 337 0 4474 41 0.08 0 0.01 99.99 99.99 94.435 84.5154 96.0688 89.385 96.0688 88.397
2 540 120 0 617 302 0.22 0 0.49 99.7863 99.957 99.8539 98.9978 99.9806 99.9641 99.99 99.9782
2 874 190 0 1009 496 0.22 0 0.49 99.9227 99.99 99.99 99.9451 99.99 99.99 99.99 99.99
2 2312 627 0 2238 5 0.27 0 0 99.99 99.99 99.99 99.99 98.9645 97.5393 98.9645 98.9645
2 18555 1341 0 19260 61 0.07 0 0 99.99 77.77 67.0544 66.9006 70.1684 66.8939 66.9343 66.8793
2 1396 327 0 1364 9 0.23 0 0.01 99.99 99.99 99.99 99.99 99.99 99.99 83.325 67.771
1 3991 181 0 3899 285 0.05 0 0.07 0 0 0 0 0 0 0 0
1 2493 118 0 2444 195 0.05 0 0.08 0 0 0 0 0 0 0 0
1 6231 279 0 6069 425 0.04 0 0.07 0 0 0 0 0 0 0 0
1 2232 104 0 2195 175 0.05 0 0.08 0 0 0 0 0 0 0 0
1 5555 286 0 5381 428 0.05 0 0.08 0 0 0 0 0 0 0 0
2 55429 225 0 66230 4907 0 0 0.07 0 0 0 0 0 0 0 0
2 127290 341 0 152307 11139 0 0 0.07 0 0 0 0 0 0 0 0
2 7408 81 0 8763 691 0.01 0 0.08 0 0 0 0 0 0 0 0
2 7254 81 0 8608 689 0.01 0 0.08
2 8659 89 0 10291 813 0.01 0 0.08
3 1099 32 0 1187 127 0.03 0 0.11 99.99 99.99 99.99 97.8664 99.99 99.99 99.99 99.99
3 1037 32 0 1134 121 0.03 0 0.11 99.99 99.99 99.99 99.4027 99.99 99.99 99.99 99.99
3 1915 50 0 2096 241 0.03 0 0.11 99.99 99.99 92.6425 93.4261 99.99 99.99 99.99 99.99
3 1429 44 0 1579 167 0.03 0 0.11 99.99 99.99 99.4137 99.99 99.99 99.99 99.99 99.99
3 1268 42 0 1396 155 0.03 0 0.11 99.99 99.99 97.0543 90.8014 99.99 99.99 99.99 99.99
3 19277 120 0 19182 50 0.01 0 0 99.99 89.8464 98.9235 90.7696 99.8659 79.5853 99.4588 73.9423
3 4541 45 0 4512 32 0.01 0 0.01 99.99 99.99 99.99 99.99 99.99 99.99 99.99 93.2479
3 979 24 0 962 13 0.02 0 0.01 33.33 99.99 33.33 33.33 33.33 33.2958 33.2958 33.33
3 4844 60 0 4797 26 0.01 0 0.01 99.9881 99.99 99.9826 99.9677 99.9881 99.9751 99.9881 99.9789
3 26010 140 0 25899 58 0.01 0 0 99.99 87.983 98.9415 88.3272 95.4343 72.3262 98.3629 68.9848
2 1319 28 0 1440 60 0.02 0 0.04
2 1411 30 0 1543 64 0.02 0 0.04
2 4737 107 0 5179 190 0.02 0 0.04 0 0 66.66 66.66 0 0 66.66 66.66
2 2819 59 0 3079 123 0.02 0 0.04 96.7765 97.1209 93.5698 99.99 94.5765 0 99.7797 97.4996
2 2883 61 0 3145 125 0.02 0 0.04 99.0722 98.4018 98.3631 98.0588 0 0 99.99 98.6816
2 1027 745 0 934 156 0.73 0 0.17 79.3195 99.99 74.612 78.6776 33.33 33.33 33.33 33.33
2 9427 560 0 9753 3680 0.06 0 0.38 0 0 0 0 0 0 0 0
2 9472 560 0 9798 3687 0.06 0 0.38 0 0 0 0 0 0 0 0
2 9482 560 0 9808 3690 0.06 0 0.38 0 0 0 0 0 0 0 0
2 9445 560 0 9771 3683 0.06 0 0.38 0 0 0 0 0 0 0 0
2 1918 18 0 1918 19 0.01 0 0.01 78.6367 99.99 33.33 69.2413 33.33 33.33 33.33 33.33
2 224917 198 0 235698 199 0 0 0
3 151053 50 0 151074 243 0 0 0 96.1352 97.7338 99.99 99.3002 27.9922 26.4605 25.7747 26.5977
1 3991 181 0 3899 285 0.05 0 0.07 0 0 0 0 0 0 0 0
1 2493 118 0 2444 195 0.05 0 0.08 0 0 0 0 0 0 0 0
2 9482 560 0 9808 3690 0.06 0 0.38 0 0 0 0 0 0 0 0
2 9445 560 0 9771 3683 0.06 0 0.38 0 0 0 0 0 0 0 0
2 9649 109 0 11018 1927 0.01 0 0.17 98.063 98.1304 99.99 95.7 0 0 97.149 95.7576
2 9649 109 0 11018 1927 0.01 0 0.17 98.6312 98.6312 99.99 98.4029 0 0 99.99 99.99
2 14975 52 0 15274 51 0 0 0 75.7465 83.2733 72.5409 73.8098 99.99 0 75.7477 76.6647
2 47935 100 0 49152 89 0 0 0 87.6009 91.6373 88.6159 87.6008 0 0 99.99 91.6779
2 71351 110 0 72795 111 0 0 0 94.7699 99.249 94.7587 93.6885 0 0 99.99 99.975
2 4293 188 0 4334 196 0.04 0 0.05
2 11140 303 0 12415 695 0.03 0 0.06
2 9429 384 0 10367 1197 0.04 0 0.12 90.1211 82.6376 99.99 86.1912 0 0 79.0404 80.583
2 12676 379 0 13840 1435 0.03 0 0.1 85.8478 85.0876 99.99 78.5429 0 0 76.923 77.6135
2 638 186 0 519 68 0.29 0 0.13
2 2115 601 0 1648 135 0.28 0 0.08 82.719 99.99 80.407 87.5652 66.9842 67.4974 66.7828 67.8176
2 5595 1561 0 4291 258 0.28 0 0.06 99.9818 99.9818 99.99 99.99 99.99 99.9735 99.9818 99.9735
2 1168 326 0 947 106 0.28 0 0.11 99.99 99.99 99.99 99.99 71.7877 77.77 74.9925 83.325
2 3877 1067 0 3009 200 0.28 0 0.07 99.99 99.99 99.99 99.99 99.99 99.99 99.99 99.99
2 6103 34 0 6622 502 0.01 0 0.08 77.2982 99.99 70.9888 71.532 33.33 33.33 68.0886 68.4481
2 25967 64 0 28135 2146 0 0 0.08 99.99 99.6316 98.0868 95.2794 97.9951 95.5879 98.9375 97.5442
2 23969 64 0 27284 3293 0 0 0.12 99.99 99.99 99.5344 98.957 99.569 99.0239 99.6732 99.7081
2 25823 64 0 28188 2305 0 0 0.08 99.99 99.6252 99.5353 99.2684 99.6704 98.4091 99.8523 99.3569
2 29043 64 0 30860 1795 0 0 0.06 99.99 99.7075 98.172 96.657 98.4936 96.091 98.4936 95.816
2 264509 376 0 317873 19093 0 0 0.06
2 258880 148 0 314633 14621 0 0 0.05 0 0 66.66 66.66 0 0 66.66 66.66
2 1879 74 0 2158 337 0.04 0 0.16 0 66.66 66.66 0 0 0 66.66 66.66
2 1848 72 0 2119 327 0.04 0 0.15 88.1028 99.99 79.6217 73.9748 0 15.15 67.4693 76.9305
2 4606 117 0 5336 783 0.03 0 0.15 99.99 90.4671 99.99 94.435 0 0 96.96 96.96
2 1608 70 0 1840 300 0.04 0 0.16 0 0 0 0 0 0 0 0
2 1879 74 0 2158 337 0.04 0 0.16 0 0 66.66 0 0 0 0 66.66
2 983 28 0 990 68 0.03 0 0.07
2 983 28 0 987 68 0.03 0 0.07
2 1668 38 0 1675 93 0.02 0 0.06
2 1715 42 0 1721 79 0.02 0 0.05
2 2153 46 0 2158 95 0.02 0 0.04
2 3236 73 0 3203 255 0.02 0 0.08
2 3199 54 0 3186 344 0.02 0 0.11
2 6933 74 0 6972 623 0.01 0 0.09
3 67278 59 0 68955 13151 0 0 0.19 99.99 98.5642 0 99.651 0 96.9886 99.99 99.6153
3 93244 76 0 96079 21099 0 0 0.22 0 0 0 0 0 0 0 0
3 5974 19 0 6133 1374 0 0 0.22 99.99 99.99 99.99 99.99 99.9528 96.2654 99.99 99.99
3 22655 37 0 23303 5163 0 0 0.22 0 0 0 0 0 0 0 0
3 23605 38 0 24294 5368 0 0 0.22 0 0 0 0 0 0 0 0
2 117717 398 0 117626 308 0 0 0 99.99 99.99 99.99 72.215 0 99.99 99.99 99.99
2 237393 742 0 237281 566 0 0 0 99.99 99.99 99.99 79.992 0 0 0 99.99
2 237393 742 0 237281 566 0 0 0 99.99 99.99 99.99 70.8263 0 0 0 0
2 56451 216 0 56416 182 0 0 0 99.99 99.99 99.99 80.9443 99.99 99.99 99.99 91.6575
2 528567 1185 0 528301 920 0 0 0 79.992 99.99 0 69.993 0 0 0 0
3 10228 85 0 11248 169 0.01 0 0.02
3 10368 85 0 11403 171 0.01 0 0.01
3 14670 115 0 16155 231 0.01 0 0.01
3 14671 115 0 16156 231 0.01 0 0.01
3 28843 130 0 31813 261 0 0 0.01
2 4754 223 0 5176 580 0.05 0 0.11 99.99 98.8307 99.99 98.8307 0 0 85.6325 99.99
1 4882 702 0 4928 110 0.14 0 0.02 100 0 84.6389 0 0 0 0 0
1 4995 583 0 5036 104 0.12 0 0.02
1 5894 973 0 5929 98 0.17 0 0.02 100 0 5.25905 5.1697 0 0 0 0
1 6730 936 0 6774 116 0.14 0 0.02 100 0 0 0 0 0 0 0
1 7515 1065 0 7560 120 0.14 0 0.02 0 100 0 0 0 0 0 0