1 2934 64 0 2870 720 0.02 0 0.25 0 0 0 0 0 0 0 0
1 28943 400 0 28543 7140 0.01 0 0.25 0 4.44851 2.3531 1.79742 0 0 2.62366 100
1 3216 60 0 3156 792 0.02 0 0.25 0 0 0 0 0 0 0 0
1 3168 60 0 3108 780 0.02 0 0.25 0 0 0 0 0 0 0 0
1 3120 60 0 3060 768 0.02 0 0.25 0 0 0 0 0 0 0 0
2 9207 90 0 9421 901 0.01 0 0.1 72.292 99.99 75.2775 68.3849 67.7728 77.0379 69.9538 71.5775
2 1779 191 0 1802 21 0.11 0 0.01 99.99 99.99 99.99 99.99 99.99 99.99 99.99 99.99
2 10578 247 0 11778 112 0.02 0 0.01 91.7604 67.8483 99.99 68.1354 19.2752 17.2026 66.7322 33.33
2 10402 247 0 11602 112 0.02 0 0.01 73.7128 77.0442 79.1086 99.99 33.33 33.33 75.0262 82.9313
2 10434 247 0 11634 112 0.02 0 0.01 77.4009 97.8466 84.5549 99.99 33.33 18.5167 71.205 67.9206
2 14062 287 0 15738 128 0.02 0 0.01 98.5661 93.4036 80.0763 99.99 33.33 25.4876 68.2628 33.33
2 14006 287 0 15682 128 0.02 0 0.01 79.6446 81.6968 92.1859 99.99 33.33 21.0505 76.8011 73.412
2 51300 240 0 51883 3841 0 0 0.07 0 0 0 0 0 0 0 0
2 64136 272 0 64798 4625 0 0 0.07 0 0 0 0 0 0 0 0
2 128826 3428 0 137027 14906 0.03 0 0.11 0 0 0 0 0 0 0 0
2 783 171 0 902 443 0.22 0 0.49 99.7843 99.7887 99.771 99.9137 99.9765 99.99 99.8913 99.6647
2 403 91 0 457 223 0.23 0 0.49 99.99 99.99 99.99 99.99 99.99 99.99 99.99 99.99
2 342 78 0 386 188 0.23 0 0.49 99.99 99.99 99.99 99.99 99.99 99.99 99.99 99.99
2 117002 380 0 117931 7601 0 0 0.06 0 0 0 0 0 0 0 0
1 1917 82 0 1964 143 0.04 0 0.07 10.2564 100 4.16667 4.70588 4.93827 0 6.55738 7.40741
1 1844 80 0 1895 147 0.04 0 0.08
1 2759 118 0 2817 198 0.04 0 0.07 43.1953 100 9.9455 35.9606 0 0 1.87084 5.11204
1 2906 124 0 2962 196 0.04 0 0.07 100 59.2834 11.5117 10.309 0 0 11.5417 6.45365
2 4132 337 0 4474 41 0.08 0 0.01 99.99 97.9069 94.435 80.1722 96.0688 84.5154 94.435 77.2972
2 140250 420 0 141278 8821 0 0 0.06 0 0 0 0 0 0 0 0
2 540 120 0 617 302 0.22 0 0.49 99.7792 98.1971 99.8165 99.8352 99.9664 99.9712 99.9735 99.99
2 874 190 0 1009 496 0.22 0 0.49 99.9227 99.9227 99.99 99.9227 99.99 99.99 99.99 99.99
2 2312 627 0 2238 5 0.27 0 0 99.99 99.99 99.99 99.99 98.9645 97.5393 98.9645 98.9645
2 159770 4174 0 170021 18396 0.03 0 0.11 0 0 0 0 0 0 0 0
2 18555 1341 0 19260 61 0.07 0 0 99.99 68.9586 69.4375 66.9256 71.104 66.8923 66.9511 66.9413
2 67479 1831 0 71802 7817 0.03 0 0.11 0 0 0 0 0 0 0 0
3 1570 20 0 1589 61 0.01 0 0.04 33.33 32.0404 81.2705 99.99 33.33 33.33 33.33 81.2716
3 1570 20 0 1589 61 0.01 0 0.04 33.33 33.33 79.0018 99.99 33.33 33.33 74.4263 94.1716
3 1570 20 0 1589 61 0.01 0 0.04 33.33 32.1432 33.33 99.99 33.3047 33.3047 33.3047 87.4048
3 1570 20 0 1589 61 0.01 0 0.04 33.33 32.8329 33.33 91.7392 33.33 33.33 33.33 99.99
3 2400 25 0 2424 76 0.01 0 0.03 98.3557 99.99 99.99 99.99 99.99 99.99 99.99 99.99
2 3396 85 0 3646 324 0.03 0 0.09 99.99 87.3002 99.99 99.99 99.99 99.99 99.99 99.99
2 104106 2715 0 110686 11917 0.03 0 0.11 0 0 0 0 0 0 0 0
2 82185 2309 0 87536 9671 0.03 0 0.11 92.0814 99.99 33.33 84.5028 0 0 33.33 0
2 1396 327 0 1364 9 0.23 0 0.01 99.99 99.99 99.99 99.99 99.99 76.1829 99.99 69.993
2 3644 89 0 3892 325 0.02 0 0.08 99.99 99.99 99.99 99.99 98.312 98.312 96.0392 96.4468
2 3878 92 0 4130 337 0.02 0 0.08 99.99 99.99 98.4555 98.4555 99.99 99.99 98.5624 96.0709
2 3834 91 0 4084 334 0.02 0 0.08 99.99 98.529 98.4018 96.6976 99.99 97.1752 98.2036 0
2 3578 85 0 3816 325 0.02 0 0.09 99.99 96.5498 99.99 99.99 99.99 99.99 99.8772 94.3344
2 1918 18 0 1918 19 0.01 0 0.01 79.2498 99.99 33.33 69.4362 33.33 33.33 33.33 68.0884