2 1779 191 0 1802 21 0.11 0 0.01 99.99 99.99 99.99 99.99 99.99 99.99 99.99 99.99
2 403 91 0 457 223 0.23 0 0.49 99.99 99.99 99.99 99.99 99.99 99.99 99.99 99.99
2 342 78 0 386 188 0.23 0 0.49 99.99 99.99 99.99 99.99 99.99 99.99 99.99 99.99
2 4132 337 0 4474 41 0.08 0 0.01 99.99 99.99 94.435 84.5154 96.0688 89.385 96.0688 88.397
2 540 120 0 617 302 0.22 0 0.49 99.7863 99.957 99.8539 98.9978 99.9806 99.9641 99.99 99.9782
2 874 190 0 1009 496 0.22 0 0.49 99.9227 99.99 99.99 99.9451 99.99 99.99 99.99 99.99
2 2312 627 0 2238 5 0.27 0 0 99.99 99.99 99.99 99.99 98.9645 97.5393 98.9645 98.9645
2 18555 1341 0 19260 61 0.07 0 0 99.99 77.77 67.0544 66.9006 70.1684 66.8939 66.9343 66.8793
2 1396 327 0 1364 9 0.23 0 0.01 99.99 99.99 99.99 99.99 99.99 99.99 83.325 67.771
1 3991 181 0 3899 285 0.05 0 0.07 0 0 0 0 0 0 0 0
1 2493 118 0 2444 195 0.05 0 0.08 0 0 0 0 0 0 0 0
1 6231 279 0 6069 425 0.04 0 0.07 0 0 0 0 0 0 0 0
1 2232 104 0 2195 175 0.05 0 0.08 0 0 0 0 0 0 0 0
1 5555 286 0 5381 428 0.05 0 0.08 0 0 0 0 0 0 0 0
2 55429 225 0 66230 4907 0 0 0.07 0 0 0 0 0 0 0 0
2 127290 341 0 152307 11139 0 0 0.07 0 0 0 0 0 0 0 0
2 7408 81 0 8763 691 0.01 0 0.08 0 0 0 0 0 0 0 0
2 7254 81 0 8608 689 0.01 0 0.08
2 8659 89 0 10291 813 0.01 0 0.08
3 1099 32 0 1187 127 0.03 0 0.11 99.99 99.99 99.99 97.8664 99.99 99.99 99.99 99.99
3 1037 32 0 1134 121 0.03 0 0.11 99.99 99.99 99.99 99.4027 99.99 99.99 99.99 99.99
3 1915 50 0 2096 241 0.03 0 0.11 99.99 99.99 92.6425 93.4261 99.99 99.99 99.99 99.99
3 1429 44 0 1579 167 0.03 0 0.11 99.99 99.99 99.4137 99.99 99.99 99.99 99.99 99.99
3 1268 42 0 1396 155 0.03 0 0.11 99.99 99.99 97.0543 90.8014 99.99 99.99 99.99 99.99
3 19277 120 0 19182 50 0.01 0 0 99.99 89.8464 98.9235 90.7696 99.8659 79.5853 99.4588 73.9423
3 4541 45 0 4512 32 0.01 0 0.01 99.99 99.99 99.99 99.99 99.99 99.99 99.99 93.2479
3 979 24 0 962 13 0.02 0 0.01 33.33 99.99 33.33 33.33 33.33 33.2958 33.2958 33.33
3 4844 60 0 4797 26 0.01 0 0.01 99.9881 99.99 99.9826 99.9677 99.9881 99.9751 99.9881 99.9789
3 26010 140 0 25899 58 0.01 0 0 99.99 87.983 98.9415 88.3272 95.4343 72.3262 98.3629 68.9848
2 1319 28 0 1440 60 0.02 0 0.04
2 1411 30 0 1543 64 0.02 0 0.04
2 4737 107 0 5179 190 0.02 0 0.04 0 0 66.66 66.66 0 0 66.66 66.66
2 2819 59 0 3079 123 0.02 0 0.04 96.7765 97.1209 93.5698 99.99 94.5765 0 99.7797 97.4996
2 2883 61 0 3145 125 0.02 0 0.04 99.0722 98.4018 98.3631 98.0588 0 0 99.99 98.6816
2 1027 745 0 934 156 0.73 0 0.17 79.3195 99.99 74.612 78.6776 33.33 33.33 33.33 33.33
2 9427 560 0 9753 3680 0.06 0 0.38 0 0 0 0 0 0 0 0
2 9472 560 0 9798 3687 0.06 0 0.38 0 0 0 0 0 0 0 0
2 9482 560 0 9808 3690 0.06 0 0.38 0 0 0 0 0 0 0 0
2 9445 560 0 9771 3683 0.06 0 0.38 0 0 0 0 0 0 0 0