1 10560 10560 0 10320 330 1 0 0.03 100 22.8571 42.1053 0 0
2 14975 52 0 15274 51 0 0 0 99.99 83.325 92.8257 0 0
3 5974 19 0 6133 1374 0 0 0.22 99.99 99.9528 96.7655 99.2344 0
2 224917 198 0 235698 199 0 0 0 0 0 0 0 0
2 14975 52 0 15274 51 0 0 0 99.99 82.5895 97.2844 0 0
2 47935 100 0 49152 89 0 0 0 99.973 0 99.99 0 0
2 71351 110 0 72795 111 0 0 0 99.99 0 99.9444 0 0
2 43180 10 0 46937 4856 0 0 0.1 99.99 94.8262 99.99 81.2146 82.1864
2 12628 10 0 13761 1416 0 0 0.1 99.99 99.99 99.99 94.9905 81.3771
2 16773 10 0 18206 1886 0 0 0.1 84.4593 99.99 99.99 94.0766 80.8845
2 20017 10 0 21774 2246 0 0 0.1 94.94 99.99 92.7282 83.5055 83.2657
2 26085 10 0 28418 2926 0 0 0.1 86.3419 99.99 84.7799 0 79.4505
1 4995 583 0 5036 104 0.12 0 0.02 0 0 0 0 0
1 5894 973 0 5929 98 0.17 0 0.02 0 0 0 0 0
1 6730 936 0 6774 116 0.14 0 0.02 0 0 0 0 0
1 7515 1065 0 7560 120 0.14 0 0.02 0 0 0 0 0
3 5974 19 0 6133 1374 0 0 0.22 99.99 97.1753 99.9528 96.5421 0
3 22655 37 0 23303 5163 0 0 0.22 0 0 0 0 0
3 23605 38 0 24294 5368 0 0 0.22 0 0 0 0 0
3 67278 59 0 68955 13151 0 0 0.19 99.99 0 0 0 0
3 93244 76 0 96079 21099 0 0 0.22 0 0 0 0 0
3 14671 115 0 16156 231 0.01 0 0.01 68.7874 85.0979 73.7515 69.4966 99.99
1 2524 64 0 2462 54 0.03 0 0.02 0 0 0 0 0
1 11534 144 0 11392 128 0.01 0 0.01 0 0 0 0 0
1 101071 441 0 100632 412 0 0 0 0 0 0 0 0