#2017
2 127767 4470 0 153646 4472 0.03 0 0.03 0.83 12345 89.4169 69.0606 90.6953 99.99 67.799
2 163555 5706 0 196822 5708 0.03 0 0.03 0.83 12345 99.99 69.5564 99.5363 95.3136 0
2 18523 642 0 22318 644 0.03 0 0.03 0.83 12345 99.99 73.1308 99.767 90.0013 72.107
2 29019 1014 0 34900 1016 0.03 0 0.03 0.83 12345 96.84 69.2002 94.6568 99.99 0
2 89361 3132 0 107410 3134 0.04 0 0.03 0.83 12345 99.2693 69.773 99.99 94.9196 68.4358
2 2115 601 0 1648 135 0.28 0 0.08 1.28 12345 99.99 33.33 80.3094 33.2699 33.33
2 5595 1561 0 4291 258 0.28 0 0.06 1.3 12345 99.9818 99.7606 99.99 92.4606 99.9735
2 1168 326 0 947 106 0.28 0 0.11 1.23 12345 99.99 70.3633 99.99 68.175 71.4214
2 3877 1067 0 3009 200 0.28 0 0.07 1.29 12345 99.99 99.9395 99.99 99.8514 99.99

#2018

#2019
2 638 186 0 519 68 0.29 0 0.13 1.23 12345
2 2115 601 0 1648 135 0.28 0 0.08 1.28 12345 99.99 33.33 96.1963 33.33 33.33
2 5595 1561 0 4291 258 0.28 0 0.06 1.3 12345 99.99 99.8504 99.9735 90.6897 99.9818
2 1168 326 0 947 106 0.28 0 0.11 1.23 12345 99.99 69.993 99.99 68.175 71.4214
2 3877 1067 0 3009 200 0.28 0 0.07 1.29 12345 99.99 99.9142 99.99 90.805 99.99
3 45 39 0 7 7 0.87 0 1 6.43 12345 96.0356 0 99.99 0 0
3 91 60 0 32 32 0.66 0 1 2.84 12345 99.99 0 0 99.99 0
3 108 105 0 4 4 0.97 0 1 27 12345 0 0 0 0 0
3 91 60 0 32 32 0.66 0 1 2.84 12345 0 0 0 0 0
3 96 90 0 7 7 0.94 0 1 13.71 12345 0 0 0 0 0
3 56 55 0 496 1 0.98 0 0 0.11 12345 98.3235 99.99 99.99 94.9905 99.99
3 154 153 0 3877 1 0.99 0 0 0.04 12345 99.0642 99.0642 99.99 85.1767 99.0642
3 277 276 0 12651 1 1 0 0 0.02 12345 96.7852 98.7081 98.0671 78.8383 99.99
3 436 435 0 31466 1 1 0 0 0.01 12345 94.0204 99.4925 95.0154 77.1067 99.99
3 704 703 0 82252 1 1 0 0 0.01 12345 88.3807 98.492 86.8827 74.1499 99.99
2 66136 20 0 78131 1 0 0 0 0.85 12345 78.0563 86.759 78.0563 94.2961 99.99
2 5083 8 0 6077 1 0 0 0 0.84 12345 95.7169 99.99 86.1983 99.99 99.99
2 5195 8 0 6205 1 0 0 0 0.84 12345 99.99 98.2358 93.93 99.99 99.99
2 5095 20 0 6117 0 0 0 0 0.83 12345 78.4235 88.88 75.75 99.99 99.99
2 9409 20 0 11393 1 0 0 0 0.83 12345 75.8545 86.4111 72.72 99.99 99.99
2 132535 1707 0 131205 378 0.01 0 0 1.01 12345 99.99 80.5475 99.99 72.6118 0

#2020
2 638 186 0 519 68 0.29 0 0.13 1.23 12345
2 2115 601 0 1648 135 0.28 0 0.08 1.28 12345 99.99 33.33 92.1747 33.2999 33.33
2 5595 1561 0 4291 258 0.28 0 0.06 1.3 12345 99.99 76.9015 99.9818 84.4733 99.9818
2 1168 326 0 947 106 0.28 0 0.11 1.23 12345 99.99 68.882 99.99 67.6123 69.993
2 3877 1067 0 3009 200 0.28 0 0.07 1.29 12345 99.99 71.6091 99.99 91.4318 99.99

#some-fzn


